=== Input: INPUT/input_random_10^3.dat  (N=999) ===

Vetor original:
541
389
836
809
702
189
327
223
176
926
212
922
24
644
68
313
204
362
798
808
371
249
402
184
467
396
80
28
669
671
939
403
490
729
562
899
823
1
860
412
245
593
257
896
934
322
746
691
351
919
283
912
531
76
43
502
624
349
471
683
437
49
567
670
929
661
954
566
244
917
835
333
73
110
621
938
90
12
428
138
96
169
885
589
651
30
816
200
692
869
255
905
210
367
767
214
940
198
60
268
342
430
967
103
766
916
795
143
744
188
205
81
791
804
851
319
57
735
98
211
48
894
113
847
825
733
357
274
941
794
353
768
596
762
363
638
927
678
610
487
786
792
394
277
151
879
50
380
721
39
40
653
623
590
976
58
659
989
514
876
725
154
508
288
994
106
832
15
267
298
599
369
228
730
486
498
658
578
565
684
914
78
724
978
199
336
900
629
356
153
149
448
473
602
375
87
609
907
538
88
936
13
137
337
821
601
62
31
101
619
530
634
414
265
722
935
116
542
995
584
291
988
305
159
771
225
688
243
997
890
74
207
517
805
799
807
850
549
156
160
405
302
443
999
293
560
447
576
843
575
446
788
464
527
650
696
395
171
977
893
711
444
526
442
770
887
637
933
585
813
196
728
460
215
64
111
393
966
740
346
872
830
54
617
120
563
426
901
93
859
136
784
854
150
63
783
625
112
497
294
776
492
548
1000
968
494
868
586
307
379
627
918
948
84
286
254
335
597
760
191
757
931
457
373
455
655
694
616
109
761
947
166
592
570
165
979
303
598
496
418
662
648
814
139
908
185
329
748
404
686
19
743
235
685
126
175
785
164
980
587
529
238
827
44
121
930
834
750
488
135
8
147
862
812
197
366
633
763
124
233
383
202
270
554
128
491
122
483
222
37
285
647
92
315
839
378
500
773
695
424
990
239
481
803
328
253
550
177
127
874
86
551
838
399
18
511
66
985
458
810
170
820
902
70
883
522
505
603
3
95
408
546
450
449
187
374
16
652
45
765
20
817
707
913
167
133
959
984
806
252
14
544
656
256
895
715
56
474
439
888
510
561
789
23
778
377
716
680
837
632
855
516
572
720
956
630
390
484
392
881
889
115
429
800
811
489
547
271
26
848
524
296
22
924
453
886
107
411
186
675
986
5
69
668
258
915
332
148
818
384
506
600
921
717
981
521
129
504
71
582
556
882
125
793
340
903
987
604
33
642
906
553
192
163
275
709
463
213
515
47
145
679
292
434
754
920
157
459
660
777
705
470
996
605
360
880
993
742
97
465
355
537
512
643
779
441
710
231
51
774
654
787
852
520
636
400
867
961
571
649
640
734
581
266
701
83
347
607
866
226
100
59
666
273
951
53
532
964
608
944
628
456
241
304
61
401
975
312
700
945
218
960
314
345
877
372
94
209
501
155
595
620
739
861
221
577
690
376
755
871
358
193
142
797
130
545
317
34
325
466
416
359
260
667
781
316
42
436
840
368
849
518
123
973
284
67
91
140
413
731
341
796
451
674
118
663
247
594
802
962
540
574
431
580
708
311
269
892
272
949
982
323
615
141
350
183
539
519
703
162
969
932
495
747
134
558
234
330
419
704
853
299
564
952
764
361
250
958
723
25
178
579
420
41
943
698
641
433
370
425
387
569
32
452
280
955
297
780
613
454
21
583
224
318
719
772
468
251
144
415
523
480
736
365
493
718
105
259
992
229
864
248
344
826
833
635
417
161
482
117
85
440
407
279
552
475
7
381
478
77
970
181
398
174
391
6
942
842
82
462
10
432
897
261
131
168
72
828
232
320
991
752
388
646
706
217
965
324
801
611
278
606
410
4
870
435
693
568
726
364
758
295
846
485
714
699
343
331
753
829
11
427
863
974
677
172
957
461
352
158
712
194
46
543
262
697
858
865
509
195
612
102
639
878
937
479
911
152
910
173
9
385
240
618
445
923
422
573
119
219
769
928
756
741
306
264
745
557
386
909
114
533
348
301
263
321
657
52
588
308
36
875
559
953
822
775
55
737
891
534
782
230
925
998
884
591
681
65
334
476
673
216
182
856
290
672
310
35
220
17
622
104
845
469
819
108
513
180
665
246
687
983
421
873
236
535
203
831
841
749
338
208
963
614
950
738
631
626
397
99
536
339
689
682
898
815
857
664
282
438
276
472
645
146
29
751
382
423
206
179
972
732
89
201
499
242
326
287
281
2
477
132
971
227
844
759
79
555
507
824
676
309
409
27
503
525
406
289
300
946
713
237
528
190
75
790
904
727
38

Vetor ordenado com Shell Sort:
1
2
3
4
5
6
7
8
9
10
11
12
13
14
15
16
17
18
19
20
21
22
23
24
25
26
27
28
29
30
31
32
33
34
35
36
37
38
39
40
41
42
43
44
45
46
47
48
49
50
51
52
53
54
55
56
57
58
59
60
61
62
63
64
65
66
67
68
69
70
71
72
73
74
75
76
77
78
79
80
81
82
83
84
85
86
87
88
89
90
91
92
93
94
95
96
97
98
99
100
101
102
103
104
105
106
107
108
109
110
111
112
113
114
115
116
117
118
119
120
121
122
123
124
125
126
127
128
129
130
131
132
133
134
135
136
137
138
139
140
141
142
143
144
145
146
147
148
149
150
151
152
153
154
155
156
157
158
159
160
161
162
163
164
165
166
167
168
169
170
171
172
173
174
175
176
177
178
179
180
181
182
183
184
185
186
187
188
189
190
191
192
193
194
195
196
197
198
199
200
201
202
203
204
205
206
207
208
209
210
211
212
213
214
215
216
217
218
219
220
221
222
223
224
225
226
227
228
229
230
231
232
233
234
235
236
237
238
239
240
241
242
243
244
245
246
247
248
249
250
251
252
253
254
255
256
257
258
259
260
261
262
263
264
265
266
267
268
269
270
271
272
273
274
275
276
277
278
279
280
281
282
283
284
285
286
287
288
289
290
291
292
293
294
295
296
297
298
299
300
301
302
303
304
305
306
307
308
309
310
311
312
313
314
315
316
317
318
319
320
321
322
323
324
325
326
327
328
329
330
331
332
333
334
335
336
337
338
339
340
341
342
343
344
345
346
347
348
349
350
351
352
353
355
356
357
358
359
360
361
362
363
364
365
366
367
368
369
370
371
372
373
374
375
376
377
378
379
380
381
382
383
384
385
386
387
388
389
390
391
392
393
394
395
396
397
398
399
400
401
402
403
404
405
406
407
408
409
410
411
412
413
414
415
416
417
418
419
420
421
422
423
424
425
426
427
428
429
430
431
432
433
434
435
436
437
438
439
440
441
442
443
444
445
446
447
448
449
450
451
452
453
454
455
456
457
458
459
460
461
462
463
464
465
466
467
468
469
470
471
472
473
474
475
476
477
478
479
480
481
482
483
484
485
486
487
488
489
490
491
492
493
494
495
496
497
498
499
500
501
502
503
504
505
506
507
508
509
510
511
512
513
514
515
516
517
518
519
520
521
522
523
524
525
526
527
528
529
530
531
532
533
534
535
536
537
538
539
540
541
542
543
544
545
546
547
548
549
550
551
552
553
554
555
556
557
558
559
560
561
562
563
564
565
566
567
568
569
570
571
572
573
574
575
576
577
578
579
580
581
582
583
584
585
586
587
588
589
590
591
592
593
594
595
596
597
598
599
600
601
602
603
604
605
606
607
608
609
610
611
612
613
614
615
616
617
618
619
620
621
622
623
624
625
626
627
628
629
630
631
632
633
634
635
636
637
638
639
640
641
642
643
644
645
646
647
648
649
650
651
652
653
654
655
656
657
658
659
660
661
662
663
664
665
666
667
668
669
670
671
672
673
674
675
676
677
678
679
680
681
682
683
684
685
686
687
688
689
690
691
692
693
694
695
696
697
698
699
700
701
702
703
704
705
706
707
708
709
710
711
712
713
714
715
716
717
718
719
720
721
722
723
724
725
726
727
728
729
730
731
732
733
734
735
736
737
738
739
740
741
742
743
744
745
746
747
748
749
750
751
752
753
754
755
756
757
758
759
760
761
762
763
764
765
766
767
768
769
770
771
772
773
774
775
776
777
778
779
780
781
782
783
784
785
786
787
788
789
790
791
792
793
794
795
796
797
798
799
800
801
802
803
804
805
806
807
808
809
810
811
812
813
814
815
816
817
818
819
820
821
822
823
824
825
826
827
828
829
830
831
832
833
834
835
836
837
838
839
840
841
842
843
844
845
846
847
848
849
850
851
852
853
854
855
856
857
858
859
860
861
862
863
864
865
866
867
868
869
870
871
872
873
874
875
876
877
878
879
880
881
882
883
884
885
886
887
888
889
890
891
892
893
894
895
896
897
898
899
900
901
902
903
904
905
906
907
908
909
910
911
912
913
914
915
916
917
918
919
920
921
922
923
924
925
926
927
928
929
930
931
932
933
934
935
936
937
938
939
940
941
942
943
944
945
946
947
948
949
950
951
952
953
954
955
956
957
958
959
960
961
962
963
964
965
966
967
968
969
970
971
972
973
974
975
976
977
978
979
980
981
982
983
984
985
986
987
988
989
990
991
992
993
994
995
996
997
998
999
1000

Vetor ordenado com Comb Sort:
1
2
3
4
5
6
7
8
9
10
11
12
13
14
15
16
17
18
19
20
21
22
23
24
25
26
27
28
29
30
31
32
33
34
35
36
37
38
39
40
41
42
43
44
45
46
47
48
49
50
51
52
53
54
55
56
57
58
59
60
61
62
63
64
65
66
67
68
69
70
71
72
73
74
75
76
77
78
79
80
81
82
83
84
85
86
87
88
89
90
91
92
93
94
95
96
97
98
99
100
101
102
103
104
105
106
107
108
109
110
111
112
113
114
115
116
117
118
119
120
121
122
123
124
125
126
127
128
129
130
131
132
133
134
135
136
137
138
139
140
141
142
143
144
145
146
147
148
149
150
151
152
153
154
155
156
157
158
159
160
161
162
163
164
165
166
167
168
169
170
171
172
173
174
175
176
177
178
179
180
181
182
183
184
185
186
187
188
189
190
191
192
193
194
195
196
197
198
199
200
201
202
203
204
205
206
207
208
209
210
211
212
213
214
215
216
217
218
219
220
221
222
223
224
225
226
227
228
229
230
231
232
233
234
235
236
237
238
239
240
241
242
243
244
245
246
247
248
249
250
251
252
253
254
255
256
257
258
259
260
261
262
263
264
265
266
267
268
269
270
271
272
273
274
275
276
277
278
279
280
281
282
283
284
285
286
287
288
289
290
291
292
293
294
295
296
297
298
299
300
301
302
303
304
305
306
307
308
309
310
311
312
313
314
315
316
317
318
319
320
321
322
323
324
325
326
327
328
329
330
331
332
333
334
335
336
337
338
339
340
341
342
343
344
345
346
347
348
349
350
351
352
353
355
356
357
358
359
360
361
362
363
364
365
366
367
368
369
370
371
372
373
374
375
376
377
378
379
380
381
382
383
384
385
386
387
388
389
390
391
392
393
394
395
396
397
398
399
400
401
402
403
404
405
406
407
408
409
410
411
412
413
414
415
416
417
418
419
420
421
422
423
424
425
426
427
428
429
430
431
432
433
434
435
436
437
438
439
440
441
442
443
444
445
446
447
448
449
450
451
452
453
454
455
456
457
458
459
460
461
462
463
464
465
466
467
468
469
470
471
472
473
474
475
476
477
478
479
480
481
482
483
484
485
486
487
488
489
490
491
492
493
494
495
496
497
498
499
500
501
502
503
504
505
506
507
508
509
510
511
512
513
514
515
516
517
518
519
520
521
522
523
524
525
526
527
528
529
530
531
532
533
534
535
536
537
538
539
540
541
542
543
544
545
546
547
548
549
550
551
552
553
554
555
556
557
558
559
560
561
562
563
564
565
566
567
568
569
570
571
572
573
574
575
576
577
578
579
580
581
582
583
584
585
586
587
588
589
590
591
592
593
594
595
596
597
598
599
600
601
602
603
604
605
606
607
608
609
610
611
612
613
614
615
616
617
618
619
620
621
622
623
624
625
626
627
628
629
630
631
632
633
634
635
636
637
638
639
640
641
642
643
644
645
646
647
648
649
650
651
652
653
654
655
656
657
658
659
660
661
662
663
664
665
666
667
668
669
670
671
672
673
674
675
676
677
678
679
680
681
682
683
684
685
686
687
688
689
690
691
692
693
694
695
696
697
698
699
700
701
702
703
704
705
706
707
708
709
710
711
712
713
714
715
716
717
718
719
720
721
722
723
724
725
726
727
728
729
730
731
732
733
734
735
736
737
738
739
740
741
742
743
744
745
746
747
748
749
750
751
752
753
754
755
756
757
758
759
760
761
762
763
764
765
766
767
768
769
770
771
772
773
774
775
776
777
778
779
780
781
782
783
784
785
786
787
788
789
790
791
792
793
794
795
796
797
798
799
800
801
802
803
804
805
806
807
808
809
810
811
812
813
814
815
816
817
818
819
820
821
822
823
824
825
826
827
828
829
830
831
832
833
834
835
836
837
838
839
840
841
842
843
844
845
846
847
848
849
850
851
852
853
854
855
856
857
858
859
860
861
862
863
864
865
866
867
868
869
870
871
872
873
874
875
876
877
878
879
880
881
882
883
884
885
886
887
888
889
890
891
892
893
894
895
896
897
898
899
900
901
902
903
904
905
906
907
908
909
910
911
912
913
914
915
916
917
918
919
920
921
922
923
924
925
926
927
928
929
930
931
932
933
934
935
936
937
938
939
940
941
942
943
944
945
946
947
948
949
950
951
952
953
954
955
956
957
958
959
960
961
962
963
964
965
966
967
968
969
970
971
972
973
974
975
976
977
978
979
980
981
982
983
984
985
986
987
988
989
990
991
992
993
994
995
996
997
998
999
1000

--- Metricas ---
Tempo Shell Sort : 0.000000 s
Tempo Comb Sort  : 0.000000 s
Memoria RSS      : N/A
