=== Input: INPUT/input_random_10^2.dat  (N=99) ===

Vetor original:
13
15
21
51
66
35
23
55
74
14
59
36
91
78
70
3
6
86
90
9
60
31
32
5
8
7
28
53
77
54
85
1
63
17
57
38
68
41
4
48
82
18
44
80
2
65
61
43
39
69
30
71
89
94
11
24
93
96
49
25
62
84
10
95
29
58
26
22
45
75
40
46
88
79
97
87
52
56
34
50
73
83
100
81
99
20
47
64
92
12
67
16
33
27
19
72
42
37
98

Vetor ordenado com Shell Sort:
1
2
3
4
5
6
7
8
9
10
11
12
13
14
15
16
17
18
19
20
21
22
23
24
25
26
27
28
29
30
31
32
33
34
35
36
37
38
39
40
41
42
43
44
45
46
47
48
49
50
51
52
53
54
55
56
57
58
59
60
61
62
63
64
65
66
67
68
69
70
71
72
73
74
75
77
78
79
80
81
82
83
84
85
86
87
88
89
90
91
92
93
94
95
96
97
98
99
100

Vetor ordenado com Comb Sort:
1
2
3
4
5
6
7
8
9
10
11
12
13
14
15
16
17
18
19
20
21
22
23
24
25
26
27
28
29
30
31
32
33
34
35
36
37
38
39
40
41
42
43
44
45
46
47
48
49
50
51
52
53
54
55
56
57
58
59
60
61
62
63
64
65
66
67
68
69
70
71
72
73
74
75
77
78
79
80
81
82
83
84
85
86
87
88
89
90
91
92
93
94
95
96
97
98
99
100

--- Metricas ---
Tempo Shell Sort : 0.000000 s
Tempo Comb Sort  : 0.000000 s
Memoria RSS      : N/A
