4849
964
1869
980
2929
4357
9166
4595
530
8226
2149
3655
4416
7510
2081
7244
7545
3320
3824
2337
7547
7731
9628
3868
1954
4237
2739
8382
1361
3709
6233
4424
5497
6205
4978
4020
3162
82
8559
9693
7676
8378
3931
4748
5027
3768
7794
2185
4409
5203
7350
8683
9799
6769
96
4677
2273
2898
2160
8987
6444
6993
2442
7340
9858
1332
3681
1033
7795
7606
8808
8952
1388
3131
3856
138
4531
213
4819
7636
6337
5389
7520
8261
4200
288
1748
8735
2788
8315
9976
1532
2351
646
466
7563
9493
7349
2011
7896
780
5741
2763
6934
5209
4302
2641
645
4215
4249
4634
719
4583
705
2835
5574
5705
6104
7363
5145
1953
8621
3844
9037
633
9427
3482
2321
7321
5049
869
2317
6219
6849
2024
3730
3467
9419
5698
4524
8906
6211
9623
9597
7754
7899
9596
367
9555
8380
647
9486
9345
5151
3247
3941
9833
5096
3352
7392
8513
735
4727
9162
8896
5272
9442
4353
781
6946
4571
9322
7855
3087
8303
7811
3652
6269
1064
5688
3503
2153
969
626
7449
1044
9289
9057
7496
8954
750
8505
9789
3512
9100
6512
2687
4448
2755
6931
2598
8946
5419
9454
1762
4315
9102
2553
8610
6708
2608
9151
2694
5868
1390
3055
8407
4000
3993
8224
2421
8769
9746
895
5774
7879
7746
3456
6161
2368
5150
5630
4453
4801
3972
6870
5589
6964
5663
4469
8768
6897
3935
9461
2280
3600
9355
1337
700
1191
8167
1195
9510
2511
2087
9784
2621
1538
864
6251
7925
2919
2959
8756
5137
2586
433
7490
3602
4757
9233
957
410
2129
1685
7150
8114
4552
9240
5249
5064
2887
4566
439
4921
4261
8194
2230
9117
1763
3160
2658
3915
3030
4655
6987
1237
2670
384
9024
8294
4112
8639
1170
1817
7178
4086
3384
1766
6884
9036
9665
3005
7718
9302
9332
5184
8101
3649
1784
7524
9609
3228
3591
3472
7766
108
4724
1346
821
8019
2777
7539
1795
7566
6777
5905
4875
4528
973
4561
4892
7781
2534
7488
3832
7099
2916
9896
5408
5888
9034
8985
2630
8586
87
5882
455
9063
8654
9196
594
1905
1369
5673
1374
224
3900
3677
2298
5756
9542
9954
1392
2200
7451
3604
7030
7191
732
9047
8582
6724
258
6969
8915
1786
9947
5343
1371
4445
7850
8864
7714
3911
7594
4354
8102
6537
5925
1624
3827
1598
112
541
423
7875
473
5163
9641
5381
2402
5984
380
6068
1395
6874
7531
6611
1464
3929
951
3405
5593
2231
2982
9453
3318
7813
8997
6142
3486
5527
2999
5342
6757
3265
9990
6381
6526
3266
1813
1489
2792
2465
9465
8182
8103
434
6994
8552
1267
8715
3918
2850
6597
1100
6099
7941
1018
484
5721
49
9487
5487
1527
8278
8691
5117
8478
6538
1909
1214
5011
39
9372
7852
1872
3219
3399
2109
447
4503
2813
1805
3747
8583
2327
6520
6813
8126
986
6121
4266
3967
1646
3635
7018
2320
1572
9103
5962
7034
8125
7753
2805
636
287
3150
7318
6197
4811
6483
6590
1648
4366
1312
7400
3294
9677
630
4708
9806
5833
1203
9927
1073
6160
5167
7147
5795
6437
5864
2345
5648
4365
3698
9961
8950
4633
704
2552
4735
8951
9611
2605
4296
2529
5644
7185
2269
5306
6533
8377
2591
329
2487
7211
83
5635
103
316
5431
7236
8497
2706
3413
4348
4521
7108
2721
8055
938
849
3547
546
1011
9886
4404
2228
2585
6223
1852
4812
6847
22
1917
7980
4193
770
6471
4369
1171
4238
3229
452
9715
4186
9375
365
6247
4263
8163
4206
7568
2420
5148
7464
3355
292
3438
5812
9049
6844
5668
3142
6425
1290
8193
1128
4614
6543
6372
6620
945
5999
74
6215
2984
2049
5280
6087
4725
7565
8076
9579
4048
8518
2112
853
3942
3166
1993
6079
5643
4603
5946
3182
6663
2698
9324
4776
3812
1927
9805
9655
4027
48
6256
9398
2990
6184
3306
9080
1963
2009
3420
1058
8588
5481
230
5704
4515
8774
8410
9173
7016
9750
658
2728
5034
9531
2241
7253
1995
8337
7160
4485
5931
2843
5848
1040
8160
9870
5191
2649
7853
7943
1573
5622
1384
722
1513
6118
356
6878
4401
2600
3735
7728
111
4389
4829
9593
993
5821
2452
4333
7623
2376
6800
847
8737
229
4625
3335
4332
3118
2468
2292
6796
8733
8462
6828
5422
7351
440
5428
4604
5735
1391
2976
2677
8392
990
3755
4653
802
2888
3749
6654
4287
9687
6929
5752
5118
1341
1360
75
7235
7214
1449
2513
1639
9422
1034
9786
2384
4609
7300
9956
8912
3300
3344
9594
7134
8439
7194
5607
718
7369
467
5996
9394
6718
1961
61
623
9718
2233
9319
9903
5886
1728
4857
402
3611
4589
6918
7642
8560
3436
9889
1960
3717
8240
2816
6462
7284
9305
445
4743
8577
7379
6810
3968
3029
9099
3509
2251
6270
8374
8770
1265
9787
3200
5513
3571
3980
2906
4505
4119
2218
192
4882
5304
7305
7493
7219
3232
943
3067
8362
2963
6504
7592
6081
7329
1111
8914
8304
7674
6770
1212
5806
2624
8626
7628
4689
789
9570
8174
9110
6359
9549
9070
1105
2594
3447
1350
9726
7455
5896
477
4282
6473
5496
8423
4014
8694
4110
2103
539
8740
3149
4312
1547
3435
3683
6922
5734
2396
7779
1144
9624
3657
9627
3364
6818
7167
570
892
7665
7538
8002
2432
2933
9499
6125
769
5645
95
2462
3086
4132
9844
1768
5793
7681
6306
742
7654
2143
5915
8435
9048
4715
8301
5014
4054
7179
8696
9106
4084
7418
5321
7233
9216
7040
3751
5732
2431
2853
3190
5020
25
1919
2808
6893
8748
4481
7892
281
9936
1248
3650
4191
5275
8443
4429
1317
5651
7262
1253
8129
3170
4322
9725
7014
8944
596
260
6858
7511
8646
2059
579
3313
502
2715
6713
2518
2684
6443
785
343
2713
6997
7652
8650
876
2921
4906
1793
6495
8788
9005
8329
3049
387
204
748
9846
9534
4390
7217
8162
3944
1987
3369
1544
8320
3821
8484
9393
9997
7929
6459
953
4512
1241
6012
4117
6302
2063
2128
2144
1067
8932
8283
6324
2904
1672
8820
1272
1854
7747
3159
8787
2492
3731
9130
2229
1483
3360
7079
4864
8511
6060
5640
4093
9893
4329
4852
1824
2620
6910
8214
5980
5207
7064
5987
6985
9972
3209
5281
6961
8597
3011
2909
5918
7861
9318
383
3339
8522
5867
8461
8803
1366
7203
3963
319
1892
7831
7492
7020
8598
1499
2744
4912
5817
6719
431
2702
485
9437
2425
451
2245
6307
5847
4360
3302
688
4664
5416
6581
6043
5505
9407
8491
2974
5526
4874
6172
4933
7098
322
3181
4472
9492
6699
332
328
7094
6431
8360
201
2539
7308
5683
9768
2027
5986
7105
9248
1982
1320
2601
587
8168
6559
7377
6558
1529
7590
6010
5750
6382
5279
2587
5938
2822
9583
6518
5454
4549
9479
9280
8391
7739
9075
1091
1173
8487
2742
8314
656
4741
9367
9774
8576
3705
870
9153
5247
8910
6548
4374
2612
923
1450
8868
3950
195
4690
2115
6193
261
2057
8411
8956
3201
1734
6295
6930
9708
8779
2032
9619
8857
3387
1974
6739
10000
7302
8890
9342
2219
3523
8991
1487
1134
1376
6224
3599
5190
1827
6915
2524
5128
3428
9174
4630
1117
7238
4575
5181
6341
9235
6042
1433
6608
8799
3788
9092
7931
6665
6218
3557
6501
9338
9877
6935
1154
9089
7366
3810
9865
7890
1009
6036
9237
1935
4130
4216
3251
5160
3103
915
1984
5215
740
8089
9296
3986
5475
5007
5618
711
1900
7976
5967
5213
2
1979
5499
9346
6821
3904
9980
2031
6908
7767
720
4393
5482
9603
6912
9501
9669
5825
1621
8854
1298
8128
3501
9738
1309
1197
1446
5140
52
7164
9699
1149
8457
9962
5674
6513
1328
1717
3230
9471
7347
9051
9739
6026
8849
2723
1020
9231
6783
6308
4974
5066
2427
2700
9728
9744
7857
5030
6500
6871
1006
4304
7958
9658
8920
284
2695
5169
9964
8925
6304
114
2981
7133
1252
9571
9299
1052
6932
2625
9290
8935
9756
836
3443
6804
2786
6086
1355
6468
9524
4760
2776
1261
8655
3010
443
6467
6676
1915
8603
4966
2818
1263
4247
818
1051
8354
5638
7898
960
9988
4905
5842
8743
8020
9909
8373
690
7423
6593
1218
9382
3340
9779
5670
4688
9569
142
1474
9752
4229
6868
1846
1816
7635
3853
6594
4292
8742
9727
4279
3588
8648
8132
7949
5472
8145
6298
3907
2978
1992
7163
2781
7629
6155
4270
9740
9078
2579
873
6110
84
1888
6254
6580
5664
6222
5349
4376
1466
8110
420
7357
9181
5046
6573
1541
619
4437
7934
4607
9065
3530
3254
7323
8927
6398
4222
6920
7376
1013
9147
673
7911
677
3003
3838
7296
5387
40
9820
8679
1457
3078
1895
2857
3638
9543
7841
3480
8324
2457
9814
9119
453
2236
7110
1269
5831
3322
7181
2623
6188
9484
5914
7972
1823
1444
8962
5860
7124
6226
2283
2325
8592
7745
9068
9077
5937
641
1981
3693
5324
299
970
9581
5286
3197
1536
2056
6860
8923
6700
6793
5234
7264
3301
4212
6124
4942
4870
6400
5941
6820
8501
3156
2205
9112
4176
9701
1976
3558
1767
9642
6795
5417
2356
8804
7279
7497
8797
7930
1798
5844
3368
2882
9098
8066
5959
2526
8548
9734
2834
4676
3058
7222
9659
573
2889
4816
8719
9387
7298
3128
907
8346
3820
8686
5742
9790
7908
6752
222
50
5859
6653
5399
7141
9379
8166
8302
6841
7297
5561
4944
3466
5093
7024
803
8440
7978
7118
1889
8979
3794
921
1611
8186
1452
1278
6130
8203
6189
4351
3168
5866
7856
822
2551
9279
1210
2175
3773
7162
3966
1147
763
5225
6584
5754
7165
5802
6329
5580
175
7401
1553
406
6879
7821
5884
1590
6022
2508
2617
4361
2435
1471
8245
2852
1814
9491
5108
5551
9205
1695
3716
4883
3350
190
2757
9661
5814
4990
6103
5185
778
7385
90
741
2250
1125
203
1135
6965
4496
9462
6854
7173
8829
7888
9602
6673
8077
1101
5334
7258
3349
5519
7516
1670
7509
9306
6621
2041
8888
9234
2053
1225
5544
5541
4578
7106
7743
5727
1552
5801
7729
4088
128
2536
4052
1706
117
9649
4537
9839
4252
2752
2412
1126
6083
7780
2142
2140
5309
8747
9588
908
4155
8006
9625
9520
8018
6277
8891
5009
9457
9126
8982
4856
900
6906
8858
7
3481
6632
9244
3782
3243
6330
7961
859
6291
4922
5351
9887
7096
2762
8939
8766
8883
2719
2637
3659
3761
7058
5081
8449
5590
7215
2023
3995
9081
5312
6058
6771
4433
5211
8845
1676
1796
3132
303
6556
9298
4585
1545
9247
4719
1349
535
1714
3097
7142
4286
8578
4737
7046
4567
2870
8668
6405
9905
948
4276
9553
3425
4793
8701
1038
7032
6971
2607
2912
6650
7742
371
9141
996
5421
9221
5352
6845
5227
5658
158
624
9466
3661
5424
2344
1447
5525
2120
667
4439
290
8444
4685
7946
206
4722
6446
2240
3653
1970
5092
2235
8237
9729
7435
3314
7205
3660
3487
9232
9229
3541
5642
5652
6317
4343
5019
1903
7271
1708
5099
9509
1612
8596
1182
4264
2348
171
5327
2026
9607
8934
8567
4925
7608
9027
5156
3854
3511
7764
3814
4003
6637
1015
3237
8286
4573
6288
5804
4139
1517
2069
9261
3022
269
7599
4497
6128
5045
2897
2080
8404
4255
1991
5288
6280
6129
3787
2353
6942
1226
1377
2398
3707
37
809
8904
6567
2628
2986
1957
7042
1928
6869
1106
4115
5872
7292
6143
8433
8316
7008
326
7486
6339
5900
4937
6851
2733
910
5251
5265
4190
2399
6612
7986
9551
8185
7077
9150
1890
3316
5534
2692
716
2847
4311
6375
1001
9948
5467
2121
6812
560
7313
9712
7360
9933
9137
5699
7156
515
6976
5256
7952
7206
2445
8399
2831
6615
9076
775
9186
6587
8825
6596
721
513
1108
7478
8495
8993
5291
8477
1659
8288
8886
8405
6720
9676
8273
234
3047
600
6485
1289
8983
9
88
4682
7791
7409
8948
6489
4679
5853
1276
5564
3894
1357
7465
399
5851
1688
7208
1689
3947
762
3414
4959
6109
2268
4544
6604
9630
6887
799
1930
8634
2512
7886
8287
3081
1850
8529
1518
4330
6208
3276
1174
8537
2815
5575
9757
2430
7536
208
2297
4056
5598
6856
6016
8635
9246
8401
7621
2844
4997
9446
9654
7992
7428
3743
6802
3842
9022
7467
7970
496
5195
885
9845
3280
6465
6005
3938
4877
1282
8199
274
5239
2222
6207
8041
3283
35
5730
3736
8651
3807
982
2603
3932
139
1404
9575
9489
747
3643
3475
6928
5885
2014
5784
8922
6999
9266
6439
671
7083
8556
9389
4398
1952
5922
7948
3762
9139
1429
8050
2438
7052
2334
8698
4568
8038
4807
4419
7551
3983
388
8116
6606
7564
4861
7802
9504
6657
8898
4185
7417
3336
7049
6496
9812
7270
1493
6120
5861
5827
236
4195
6675
5218
7502
7314
9238
8298
5313
4985
2997
5985
6565
1778
3120
5021
6413
8809
9848
2223
5724
3059
4364
7810
7870
152
4683
9539
7666
9460
6712
5452
4797
2472
7881
5333
4046
6243
2597
3495
2747
9702
9910
2070
2470
3843
5710
5173
5693
7633
5604
4919
6519
1133
4891
2544
9121
6392
4091
6376
6826
9626
4260
9923
9836
8450
2437
9045
2237
3939
4522
6717
6409
3330
7387
4617
1653
8212
4602
4257
6927
4596
588
1663
2503
6553
3945
1751
7252
5739
133
9451
1666
7101
638
2848
9145
9591
4817
1629
1755
4989
9809
8473
9884
9615
1578
6919
2780
6430
1772
7248
7019
7827
5500
2125
6566
655
2934
5353
2971
2797
6080
7560
5836
6745
9236
4733
1420
4623
3769
3382
2212
4131
7103
7917
4451
9155
5365
1840
8967
3463
3006
2243
6624
6031
7807
8975
7658
4372
1089
347
8558
5065
5188
4156
6454
368
8158
7121
4395
8680
475
2958
3357
8385
4590
9983
5322
7830
4943
1733
2148
2440
1951
1235
7904
7082
3388
9288
2626
2500
3572
3323
4896
6618
1794
5865
5396
3574
8108
2704
2036
8275
4739
958
7533
8514
1681
3926
1835
9601
2767
6731
298
7556
8725
2646
6194
1818
6070
3187
5993
9698
5815
1623
6651
3962
6506
4950
4869
9992
1310
7700
2574
7580
3874
1484
734
4806
4234
6687
8640
5200
5378
2050
6896
5916
6601
4572
6236
8873
6534
1924
3017
5824
8587
9390
6885
1478
6721
774
820
9293
5094
661
4587
6076
3619
5840
1655
1045
5489
1657
959
6695
649
7469
2295
7688
2923
1848
2155
4145
7513
5214
1684
4316
7797
8143
392
3489
648
2829
4624
6271
8940
4710
7112
8669
1788
6840
2689
6753
5423
1975
3663
9432
6417
5585
8442
2801
3891
2126
7412
7675
9876
9621
5298
8325
5780
252
5147
5144
62
4431
136
2736
2208
3713
7422
7000
8164
8750
1438
2825
6493
4347
1697
1120
5956
6182
534
2720
5386
7553
381
593
4254
1600
5165
4669
4450
9245
3403
1750
797
3267
486
786
635
9154
3830
1441
4564
2783
4325
7918
715
3880
5041
99
709
404
3141
6090
637
8517
831
1570
5257
3324
1323
2267
6968
6768
942
6525
994
57
11
1019
3543
250
8494
2712
5036
5071
2884
2946
4854
4975
4902
550
8088
3521
8859
8786
9939
4187
4017
654
2731
5332
7772
4909
8071
8601
3389
9156
8098
7776
8971
69
6408
5311
940
9470
3391
7060
7002
3637
4291
5506
7090
3639
4659
7867
7153
6801
7648
7706
4258
2717
6358
1295
702
2505
2082
1912
9686
971
8388
6671
2680
6077
9682
507
3071
81
4574
779
3282
1110
2054
8584
4665
8984
6178
687
2506
2859
597
7491
3561
517
9584
924
1718
1561
6589
6981
7915
7774
67
2174
9329
5573
3974
2415
2525
6694
5869
4784
5682
5473
4438
6238
4158
901
5302
1985
8142
1102
8476
5250
4202
2645
3215
1638
6273
19
8833
745
1729
8746
1326
8069
2826
3908
7891
2917
8897
2556
8419
7074
9414
5031
6053
2493
5747
4143
278
5440
5129
7593
9794
3748
6881
4002
605
9421
3829
3108
5753
7138
9091
6347
310
9781
9202
5199
2547
7483
6861
4432
8697
461
2743
160
2972
4355
4527
837
8151
7176
9269
855
8285
3579
9973
7641
1092
2352
2827
8685
1773
1437
2650
7309
6338
4025
3332
1693
5243
5751
6096
3883
8270
7415
4556
7720
6998
9595
6141
1428
2572
9885
7116
7462
5876
7586
6421
6225
6117
3718
4509
7419
3775
509
3973
7526
3630
8372
7504
7161
313
7569
4251
1940
6750
4855
6966
7944
4761
3080
6696
4288
3101
2085
6221
7858
7808
1256
7554
6685
7012
9929
5176
527
7115
961
6445
1564
8955
1950
1185
1820
6834
2006
6179
4779
8968
8569
7902
3014
6670
4320
7177
5401
3857
9224
6131
2326
7887
3238
6404
8675
2606
70
8660
9566
6561
1358
311
8231
5170
5935
8268
2163
9169
6579
1287
5323
3502
8524
1165
4977
2346
7461
7582
38
6259
6100
449
3223
9689
4507
1615
378
3347
2611
7609
4908
5102
2478
2261
8716
3437
5403
2874
4661
3741
9424
7546
71
3416
5588
2124
7257
8801
6505
5485
7218
8485
4791
7815
3018
4897
9391
6839
8353
4245
7038
6911
2190
3535
9368
8175
1119
5765
8629
4488
7724
4597
409
460
683
9913
5077
828
6158
1654
4780
377
7758
8720
3198
9890
5054
3956
1601
5293
6617
7689
9926
6490
5829
663
5625
6842
2254
2957
2566
6888
1325
6002
6662
6529
7168
5202
4478
7737
6482
1359
838
5857
8672
1016
7293
2281
5329
8647
1061
3046
8035
4963
8357
710
2428
2613
3771
5391
1043
7631
7339
6639
7926
8645
6743
9516
2165
988
9084
6578
6542
1330
7512
441
8620
6127
3840
419
3746
4406
6293
5945
7973
3184
3524
6336
7570
4471
9275
4917
6266
6108
929
8082
9023
1807
3317
6923
3273
7066
3662
7129
8846
1491
5103
6787
454
1281
9254
9674
2275
5955
1329
4075
7135
5106
5259
3828
8358
2288
9222
9226
5111
8352
7290
468
2119
5080
9086
5098
3331
6352
9315
7172
1268
4932
9940
8692
6683
9483
6206
5995
8600
8031
3404
5379
6805
8008
6648
1567
5461
3984
2204
4658
6456
5666
1327
5517
9359
7286
2575
2293
4377
7265
2329
2833
9198
4620
7549
4031
3733
7517
7940
4981
4061
1619
27
8998
1958
1183
294
9771
8604
7506
8366
5449
7216
351
7136
9478
2047
6850
2998
4859
9857
293
3272
5547
4499
3295
8989
7848
2667
9612
7862
4546
7355
1394
501
3494
1749
9634
2979
4491
4756
6539
5975
1060
9204
6145
6353
7613
1790
9830
3826
1562
5543
2017
7267
3721
9096
8507
8664
6403
3375
9683
2349
4051
3953
2665
6051
4804
4467
4420
8200
6557
9849
4289
730
3685
5584
3287
8190
9503
9113
7792
4309
4040
1803
5121
3370
4177
699
4280
2331
2395
9276
5159
28
8189
4967
1335
9458
2316
2157
4194
862
9847
2812
1480
7287
5305
7169
7832
4248
2127
4041
7076
2660
2216
5136
8798
7562
9339
9866
1696
8177
9840
8042
59
2123
5294
4124
1999
6740
8508
4055
7202
4164
7247
4273
6950
8965
5778
7383
2565
5659
6705
4842
2766
616
9088
2260
4598
2824
26
503
4242
4782
6407
6476
7095
8260
7717
8201
3117
2476
843
6299
1381
9666
4121
7201
9026
8729
1556
9211
6943
9684
2774
7410
5696
2324
2569
6065
4170
9648
2064
7667
1588
7372
2323
4067
3225
708
2942
4399
9267
1997
3627
5113
5686
1435
4951
2434
7954
5898
9001
5182
3341
512
4483
878
12
9363
8154
5158
8623
3107
5056
2373
3893
3676
3039
7503
5459
5849
5078
9943
9473
8570
289
3136
2964
651
8666
1574
8503
4370
6384
8706
5013
415
6598
5194
2538
4763
3172
3426
3728
4914
5536
1838
4337
9960
3667
5132
4893
3459
6626
632
8753
3896
6984
6809
8893
9364
5377
5037
219
6045
6629
2270
7285
790
8892
7117
3754
2339
9283
5299
9149
7748
363
1844
7171
9157
8256
2361
2951
2872
3835
9732
5972
7254
6666
2111
2181
7033
2522
9265
5591
9385
7319
256
4988
9831
7059
3553
132
987
5950
7051
5629
2239
670
6778
984
6959
1522
1658
3158
3315
6011
478
8911
746
1254
8928
9695
1880
2948
4028
6814
2118
9868
5708
3753
9018
5447
1656
1977
3488
4888
4034
5355
6830
3679
1262
3249
1352
7485
5420
1239
2814
5562
7226
2315
3348
9094
1246
7166
1076
2159
336
3715
157
2678
5267
5632
6726
566
4918
4492
2849
6689
7127
6084
4013
5785
6995
2902
8931
2089
8220
7990
6477
3997
8554
1863
9278
4197
6677
1955
5055
9474
5289
6301
1479
2211
8262
2146
5763
324
2819
7514
5219
7816
9723
3970
334
5529
5451
6085
6819
9354
2178
3576
1121
7535
7829
5787
5809
8921
243
1200
6297
226
8492
2531
9449
3906
2010
86
1148
9349
1771
1678
3234
4879
8942
6789
8963
2299
8581
7193
3920
5997
3241
6003
9060
244
1878
1467
6469
8081
1775
8412
1062
8252
842
863
4182
7352
7920
4081
3034
9321
5237
4562
8097
3695
5196
5376
9241
4442
3976
1531
2429
9917
7759
4441
7765
8395
3806
5236
9798
3057
9412
1972
9754
6448
3506
8562
9523
791
5388
4326
9816
6786
3271
1482
7403
9914
5201
1421
5586
7344
4846
904
2669
6588
4456
5605
5000
9176
1136
7684
3221
100
6837
7009
5572
4785
755
1968
9663
1565
7466
5187
857
4800
6420
6607
1344
3613
8036
9004
1050
8637
5936
2691
7221
7733
4853
5609
8467
5746
7809
4844
5991
6507
3898
8933
2593
2686
5615
4674
2075
101
255
9977
4923
9038
231
4480
8531
1568
66
4830
5602
1602
1343
479
9167
2823
6082
3334
6321
3651
8456
472
5982
879
3329
7157
9808
1675
5858
5109
7981
6957
118
5953
2671
8181
5838
6474
5555
7889
6447
2914
5581
8643
123
2900
6978
4532
5662
456
7440
6746
2424
8027
2901
3007
3417
9285
7859
3434
8807
4233
5578
7910
9006
5576
3772
5476
7388
3998
8665
7997
9124
5978
9459
3013
8322
2108
6784
5468
2954
7778
1667
1049
2893
695
549
4530
529
8254
9371
2311
3207
8528
2486
3712
4502
7626
7437
7723
1894
7662
3671
3222
3137
7182
2809
7874
6867
3115
1530
728
6107
6652
3281
9832
8772
51
4751
8785
4755
8455
2846
1587
3948
8447
3532
8755
8822
3925
664
3214
9691
3079
9210
5760
4001
3275
91
9755
3958
5786
9115
5360
7114
7089
6034
1555
4103
8333
1264
5906
8441
4218
7996
3077
9532
8253
3691
4781
978
8123
2104
21
2546
1074
2656
7625
5504
6702
1402
3171
2718
1132
6150
6645
3476
9423
807
5406
4880
617
660
9310
6691
4768
5479
7442
9440
6315
4359
4098
5224
474
9775
120
4557
3410
2184
6980
2433
2187
4947
9395
5552
2638
5414
6852
9705
3448
2559
1217
2514
7174
7068
7500
8535
9273
3634
6785
3354
7865
1640
6599
8204
8119
2393
1159
3429
592
8496
9633
7140
3068
362
9185
1425
8652
2501
3072
4308
3710
273
6019
2817
7995
8575
4489
3819
9171
2732
6939
6684
2025
6759
7923
2463
7913
9850
4062
42
464
422
7154
3000
8563
6622
841
1311
1736
2799
1186
9932
8056
8138
8561
9494
5846
1554
283
5411
7501
7805
6616
6886
6000
6488
8173
5171
9526
8427
5177
3575
6432
6401
5245
7070
9292
2102
3061
8376
5621
8290
3946
4835
7768
693
9090
4434
2517
18
427
3176
918
7071
9497
9128
357
7838
8017
2110
3850
1939
1223
407
223
9136
6916
6944
3871
6755
8044
1221
7100
7649
425
8139
9639
9429
5310
5909
1166
1462
4613
94
7128
5385
8590
1406
5964
9384
5033
4834
1665
1168
1829
155
5790
7669
8745
4766
8396
8057
898
9020
4823
6572
2252
3714
8961
1109
3629
7255
3194
4100
3836
7245
2635
1576
7540
6461
3304
5494
8040
6722
3205
6168
5023
8046
4713
8338
6367
1877
9700
1386
9764
2171
2021
6300
5405
9703
8996
9242
1036
5981
7433
4157
783
9074
4116
8871
5450
9378
2883
1934
6709
7668
2092
9748
5400
8765
585
6154
712
8990
3473
2328
5571
1870
4941
6636
4636
1470
4169
6144
3890
2035
4726
1583
5115
3764
7650
4060
8831
7537
9158
5260
8271
5356
7799
7604
6873
6941
5223
3398
1783
9177
2061
8383
8361
5010
6710
4848
6389
1004
3518
7585
9468
1719
1641
2543
5180
2287
3076
7454
7814
2042
9819
6327
7682
9782
4493
3045
3519
9640
3478
7317
3513
8900
7045
729
7770
3708
4180
8964
9082
5875
3445
5553
5263
8827
5961
8349
7130
5627
2758
6038
7395
897
4096
9968
1443
9028
3670
1856
580
1586
6822
777
9970
9608
7471
2832
9217
8365
5783
8111
6136
3390
7557
2397
8530
7894
8848
5026
8573
6185
4644
7447
3479
5887
9901
7984
2865
3040
6078
5344
7398
1129
458
7322
6122
7346
1534
7484
2086
4506
7757
5434
7453
7056
8736
2454
246
7087
7457
944
6903
5017
8249
3645
7195
4792
5512
9388
9763
4148
9405
2751
309
2066
2610
2052
9500
6970
5456
9311
3468
6345
180
4643
9101
514
6059
665
997
2510
9776
5854
8544
8078
7473
1595
9578
8148
5511
4085
8096
7932
8872
7460
1340
9572
4594
5110
9837
561
9935
1187
3770
3776
1461
408
1473
9434
8047
1874
8207
8386
7408
2962
2385
4134
6349
2388
9127
4463
2915
5797
1007
3616
185
1145
9344
4837
8741
595
589
5881
6949
253
4303
1661
3642
9052
1809
7192
703
3897
7122
5568
6234
2520
8702
1411
5168
9664
6252
4259
7443
3934
2405
1610
5410
805
9567
3470
2944
7699
4969
2542
2459
5277
4161
1745
3863
9557
7605
3397
9765
2802
1423
4030
5359
5902
7057
2928
533
6642
2738
2207
4728
5069
8355
6001
2418
4184
3628
941
9123
2093
7053
552
8408
4526
8614
3424
5264
1503
6175
98
9780
1397
4
7725
2048
187
8752
3673
7598
5777
3723
2675
3328
6032
2578
8012
3153
5076
7137
8879
8936
6244
6098
4584
8865
1213
9010
810
1242
3119
7445
7482
8238
7251
5626
8659
4076
8568
7518
5084
8153
7712
9862
5138
1506
5835
9851
5647
8688
1321
8671
8225
4548
4097
9014
7481
360
9230
9737
7732
4920
6449
7544
9853
9498
5354
7229
8649
4285
7679
1083
3430
5623
9039
1098
1628
5521
538
9688
3366
7576
1539
2302
666
3019
8992
2417
2285
9690
6938
2855
6344
270
8074
2101
3837
5255
4440
966
3226
4342
875
1211
5097
8343
7299
5560
9297
5692
476
5531
1141
9009
4427
5567
3858
2474
1608
8140
6633
860
3143
8550
6862
4582
7823
1123
2488
2034
5524
7979
4815
6575
4639
6153
9408
1860
8555
9646
6776
6977
1948
7602
225
6907
7610
9944
1858
4011
7655
5523
9514
4168
2301
9383
4987
4461
3954
6609
4622
4487
1815
4069
8332
2499
6318
4698
2382
1512
5758
7011
6025
9733
1363
8869
5316
2419
9860
881
1873
9252
4621
4670
2312
5282
9817
2540
8124
9029
5803
9759
8739
4697
2167
1723
4858
1094
3510
8656
3596
8969
4484
9565
9735
2881
7452
9441
4213
1857
612
8013
6779
4745
1077
6028
5067
3075
9697
8065
6435
8073
7368
7660
3943
2117
4675
8293
2258
3379
761
6582
3568
5820
890
8400
679
7331
8104
7310
6438
6491
9645
8521
7432
518
7004
9568
3396
2996
9409
3865
7489
1673
8309
235
4704
7479
5892
9381
5415
3239
5035
8085
4477
7393
8170
7769
3912
2663
7281
1841
7373
2411
2253
3552
4616
8369
6521
3452
7328
163
2227
5301
5446
6279
2856
8687
4654
4619
4563
2840
241
4673
1644
8340
6123
1964
5968
1232
9880
826
2931
4211
794
7622
6494
2642
1563
7775
4695
5047
2343
7798
3560
4198
3196
1301
444
8828
6570
9637
1436
8479
5545
4668
8949
4907
8393
3408
6135
3720
214
933
6975
4867
2386
2246
4447
9183
851
7315
7280
9260
1053
1585
4773
119
6180
8430
168
1316
603
9838
8616
3738
7272
9059
9879
5661
1118
4465
9662
7983
4188
8762
3113
5363
8295
9513
9294
1206
3104
8602
5508
3451
9916
9561
9811
5221
216
844
2234
766
1113
9632
3394
6545
430
7993
9604
2272
1080
7812
9536
4523
1318
5597
4457
3333
8976
4021
1660
2662
2406
2955
5143
4927
8929
5463
3745
5569
3465
2202
4268
7306
7567
8682
9033
9307
6568
1632
4772
9443
6134
9573
8617
9528
4984
6397
1005
7396
7587
1523
3988
6872
1401
6723
7335
6661
9741
1983
6733
8958
2259
382
2965
9937
68
2467
9019
2995
8067
9199
1868
5436
4108
559
3792
9722
5870
4423
3484
8319
642
2481
5726
3675
1096
9515
8172
9138
669
9758
2416
9813
7735
182
4167
7332
5992
3056
2215
3504
4769
7063
6169
4740
521
7027
15
9377
9012
2573
7882
2394
2644
3083
1597
3469
6374
8700
5610
2360
9336
8564
2423
1012
796
4612
1906
8422
2362
3529
5124
3175
4318
4642
4094
4890
3050
2371
5740
9120
5695
8292
4934
7919
639
1594
9304
2166
7294
8263
3152
8208
856
3692
450
4307
4092
989
6614
5157
3930
6921
723
3365
6996
3833
2456
3449
8876
3290
2491
2631
5318
9978
4903
1163
3310
1559
1255
413
2074
165
7184
9589
697
1070
5515
4080
9792
7786
2213
8757
1949
6305
5441
6749
2830
5894
181
3551
5222
2151
2632
8146
3809
5537
2400
620
4175
9678
3044
4066
3286
7431
8414
3111
5940
429
17
3538
2350
5039
7123
500
9323
7189
2277
1495
7119
1348
9358
3093
753
1637
7719
2341
764
147
5068
6434
4930
8916
4753
221
1393
9013
2201
4979
4113
3531
6714
5594
7406
7010
8895
4358
8115
7901
3116
3342
4962
9435
2876
1682
9507
8010
401
9035
4516
6156
2193
8397
5939
5082
1500
9291
3694
6356
3289
6667
1497
3303
4547
9720
4362
3122
6229
8448
4344
6552
2335
7960
9472
8416
7380
8488
4411
7414
4430
2114
2953
657
109
7755
7927
5595
1558
7773
6146
6406
3259
508
6592
6371
8579
1931
369
1925
3508
8266
6547
6736
6326
8086
342
8094
3727
7871
8459
2265
9928
9122
1057
8855
2206
640
3024
3412
1902
8109
6186
2838
1507
1886
5770
4608
3433
739
3598
1375
5371
1347
4765
9168
758
341
1799
9815
1194
9760
7543
4269
967
3051
2688
3631
459
9257
9146
2634
8624
3927
9000
9777
9966
5889
4498
8760
7579
5270
1418
2643
1192
7695
6402
9670
1897
8710
9325
188
4380
7199
4986
1172
872
2391
3305
4294
7790
2019
4632
1789
3439
9360
6200
3084
8726
9730
45
5639
4759
2294
8068
4385
2065
2708
6619
3202
4707
5390
6511
6646
1712
4511
6282
3326
8257
8446
7989
5619
7702
8730
1537
8557
852
962
483
5949
6807
7801
102
7552
6515
3584
8727
547
4840
5483
8657
7522
2950
5826
6585
8351
5439
1322
6395
5530
115
1938
3386
5119
3052
6904
6388
6198
6116
3909
6199
4425
1244
6088
4127
3564
3846
610
5373
1486
6917
4495
2528
2659
977
1496
5273
1516
7726
8215
6644
5358
6901
7519
2304
8545
1442
8794
5122
3041
9287
9326
4479
1169
9030
498
1668
8793
7849
4605
5908
9924
7246
97
4994
1439
7709
2177
5789
9008
6335
3917
7950
8403
7391
9301
9495
1849
375
8777
4005
3393
9116
3582
1481
5348
5899
7364
6126
7078
5204
2748
7542
5611
5566
1937
5921
9152
7575
5040
2214
4876
2735
1305
8780
9328
4159
8095
4071
7600
8546
1456
8184
1776
6829
5948
4235
6876
9425
9598
9361
3889
6203
925
3260
2968
5744
8205
494
6914
5830
3442
4436
1024
2564
2793
7326
6555
3195
9331
3737
9635
4230
1233
7209
3203
9264
8566
3952
1490
920
315
7903
1687
8764
4244
8083
3253
4163
9881
9541
7645
8945
8847
6303
2370
6380
1797
6257
2977
6530
8165
8837
880
7231
7183
6762
7612
4403
5175
2441
909
6516
5210
5947
6682
5903
2577
4790
5528
2037
9095
5606
104
9668
1962
5464
5813
6061
3979
9600
7224
2765
8619
7394
896
1599
6487
9563
9469
7399
8520
7763
4953
4809
4640
905
824
6368
6678
3802
5120
1365
4283
8312
1155
1754
9058
1351
161
6393
4716
4073
1622
9032
1463
4814
1942
773
493
2067
4901
2475
4444
4731
325
8136
8470
6164
6692
6177
4968
9564
9629
1303
6523
4536
8947
8714
7736
1620
6686
6415
6974
4022
9652
4221
248
685
5719
6232
692
8242
8438
2869
1596
7269
2523
9083
8813
149
6260
8523
5954
7656
4651
6440
5933
9308
435
3185
6875
9272
4078
7148
9281
5112
2300
5029
5174
8001
446
3
7955
3758
9955
5748
3371
736
4136
7646
2099
9396
5104
9194
8999
1627
2464
9490
4350
3240
5413
6152
7061
4832
8681
8339
1926
150
1701
8674
6940
7703
9519
6370
7170
3381
8802
8512
7212
3121
5284
7804
5608
9188
5532
510
2871
3848
6095
2278
1504
906
2018
2966
4898
724
6157
2422
2097
2336
65
4284
4077
9040
3032
6350
4407
8169
3285
8711
1162
2378
2794
7324
1240
8305
2443
3146
5062
1540
5057
4886
8502
8773
3601
5347
7375
7833
6274
481
3961
9353
7283
3621
6294
9415
2570
271
629
8504
1943
531
4916
5725
4079
7427
1086
239
3981
4862
7261
5723
7472
3595
4179
4647
3527
6386
2908
1782
4694
162
9420
1774
4154
4868
8980
64
4339
5716
1297
2614
8107
1075
1234
2319
5965
1032
9463
2554
9161
823
4042
3213
8232
1188
7787
6007
3949
858
1826
2761
6047
3407
1967
9529
8658
2196
1810
9512
9402
9991
9861
2842
5162
3074
931
1306
5271
4065
1066
5672
8889
6962
129
7615
4599
9416
4146
5287
3573
3298
6894
3464
1207
2821
5714
6018
233
3786
5240
3886
6631
7275
9657
6992
1099
4140
8844
5465
2690
9002
9801
4964
3485
928
6020
7017
4044
5470
7441
3471
1966
1315
6074
8359
1630
7277
8834
8506
5101
361
3666
1198
4729
8120
7031
279
5172
1550
2318
4764
5229
2727
3614
1956
7295
1161
1426
5290
8344
1468
5044
995
2078
2619
7125
4514
200
5729
832
569
9143
1379
5807
1137
7664
4232
9938
6230
6925
9227
4924
8241
1756
6788
2060
9327
6148
5650
9201
4645
1591
3192
2836
8784
8823
2873
8960
7846
4147
4863
5669
1114
6902
2377
8902
9482
6314
4293
2588
5994
9540
1764
8334
8533
9616
6138
9716
9770
8053
2926
9496
1691
5736
706
6044
7571
7677
3106
1571
1502
1385
6102
9537
9869
8995
8707
2930
354
497
7977
8026
317
8684
3756
4691
2022
6436
1150
4466
2787
4560
9959
3444
7225
3242
6877
8347
1741
1364
1270
757
2993
717
8236
4219
9330
4884
1284
339
6853
6509
3845
9111
8712
1819
5220
5228
8007
3955
5911
3092
9671
8105
2703
4128
5276
2602
5781
6827
3797
8197
228
1238
4101
125
4787
9356
1405
6972
2461
974
6605
8553
426
6855
4826
2877
8297
7643
2806
1965
1202
3903
5749
5738
4111
8778
2466
32
5582
5005
5244
6909
8117
1291
5426
6803
6647
7088
2681
8093
7327
2449
7337
6361
2191
5731
9930
8738
3043
7561
6228
6707
6656
135
5676
428
3292
6139
1884
491
7529
8881
9433
4346
4256
3899
9638
2413
1403
3795
1380
2483
5969
4935
8805
604
6900
2263
6595
4936
1293
9582
4272
4542
5134
4529
6385
330
5090
574
3114
4490
3454
8195
372
7685
8625
1039
1342
7991
9373
7694
8003
6484
7693
2771
4135
8811
9979
927
7175
8763
8973
7028
2858
1635
9452
4821
7325
6056
682
6811
1606
4798
3991
965
4693
2355
8957
9706
6075
6383
6333
4517
7048
3462
7839
1324
1944
7854
5636
8112
3699
3356
8994
5490
4160
954
798
8536
6046
8058
8176
6732
9987
5943
7370
1959
3500
9559
5338
4012
7448
8574
6836
7907
6239
930
3919
9406
3423
257
4626
2276
2029
6790
3139
4375
6895
4535
6101
1370
8500
7001
5336
2490
8731
9874
759
1472
5800
9554
7620
5769
4980
333
9209
4412
7922
1400
8296
7456
8434
8722
5495
7863
9788
8638
3617
6791
3922
9745
470
2162
5963
9031
1853
5022
1448
8216
7734
5269
3859
2661
9631
1177
5146
6472
9825
6898
7436
2107
8133
4955
4039
6242
7029
4699
7638
9918
7180
5133
5337
2746
3873
9679
4426
4150
2389
6536
9015
2970
2154
1179
9538
7289
7820
7697
1791
240
625
4223
8483
8028
2604
1333
1694
8431
1069
6464
2775
6544
8510
8248
5361
4878
7200
2866
3070
7971
3155
3722
1677
7716
245
4192
8348
7647
5466
6889
7783
3255
3605
7274
1453
9195
6267
3556
2994
598
5733
1042
3895
4940
249
795
2016
8607
9650
4783
7527
8259
1184
6248
5326
9906
7965
3163
8618
4767
5776
1509
8235
3337
4687
1274
1273
9941
3989
1146
1047
153
2134
4749
3569
8180
2851
174
7847
9366
3767
4992
2714
6237
8080
7701
3319
5438
4738
6217
1127
5879
4099
4777
3522
1631
3361
1752
793
1770
787
1514
731
2249
4074
137
9042
6362
3719
4281
141
8776
3648
1737
9172
5002
5370
1891
4336
5856
5471
9769
6328
2340
4310
3252
8744
7037
8092
272
9855
7789
2030
2284
8144
1215
2907
8819
143
7825
581
2308
5474
1904
2878
2537
4151
8192
1055
4415
3124
2098
7686
4720
345
8229
2615
7111
4410
9016
3624
8943
7480
5951
353
6033
5442
232
58
6250
5646
2013
5852
2106
819
1259
5788
3608
8233
3525
3996
3869
7842
2507
9617
7036
1702
8458
5367
9418
3885
359
8732
8255
9863
2161
1362
7876
7951
8228
5799
8884
4701
8039
4328
9164
106
9810
9170
854
5235
6137
4368
5596
1247
7672
9485
4504
1204
9829
2366
6703
1387
8113
5369
6390
6463
9284
1715
4220
9822
4956
6737
7878
8724
1157
4253
6499
2682
9821
2005
6452
9803
6760
9182
2980
6451
7091
7673
523
282
209
8211
9207
1994
5653
2156
8183
6024
7263
3325
6988
6272
542
424
8824
5339
9397
2274
5179
4948
7397
7784
4367
6290
7707
3383
4543
9590
9900
8054
5252
6466
8217
3517
9271
2885
2091
5926
2770
8875
5208
306
8206
6054
170
9163
1415
4865
9213
7250
6627
2527
9835
5374
6744
2961
7356
9511
1097
7935
5767
2910
5970
4838
5971
7301
2580
9073
5085
1913
9109
1230
6933
1000
8122
8628
9189
3012
3392
397
5087
7835
7603
2374
4703
4820
3615
7204
9192
8814
1176
3585
1025
6391
4126
8699
2164
7659
1124
8090
5488
1440
9362
1690
2084
8817
618
691
5432
4518
1046
6735
6848
4576
5314
364
8043
8612
3453
1901
8155
395
6560
8451
3154
9952
3025
9854
7304
1354
436
9105
2795
2892
2387
1851
5139
7312
3431
5161
1378
4958
3140
7721
5131
2071
1082
4641
6281
7966
4138
7968
4559
80
8591
6550
825
2369
4831
4417
8547
5164
8420
3191
5105
8250
3618
886
8759
1859
808
999
1010
8795
5372
9995
6394
992
9721
2596
7880
6480
7444
3971
7007
7912
8662
4802
5834
3936
6859
4142
3027
3183
5509
5895
8429
4579
7426
373
4686
7837
577
5877
2469
6015
532
9984
4828
3309
985
9599
3515
8084
220
1643
4241
1730
3008
4845
3700
4649
1524
9477
5425
2696
7627
4032
4122
7928
3089
6276
5811
5557
6377
3703
8371
8415
4173
417
6625
2392
6765
7634
6799
9334
9475
4818
8631
7475
9079
8689
6497
8926
1988
3545
8178
2903
5798
5038
7550
1971
4297
8363
5677
1683
285
7065
3037
3994
6201
1041
5123
432
3088
9386
4050
8300
6035
352
601
172
1131
1908
5599
1738
3284
7384
1804
36
3706
5603
9552
2221
8860
6524
7819
6249
4705
2724
505
197
3358
6013
6690
3680
480
6951
9888
469
1866
2654
8641
3533
2136
6209
344
151
3800
8525
3233
3862
7595
5328
1929
6411
7404
3632
6159
7338
1633
3672
1614
5083
4239
8159
6953
9996
5660
6212
3110
1026
3766
2094
3036
3218
894
5407
2209
8350
7884
177
947
9974
4850
9263
4591
3526
1017
4692
1634
4189
4872
9132
8134
5600
5268
3870
6283
9692
9743
7022
7499
5507
866
9969
3112
1879
140
3813
6864
308
400
5549
1875
4895
9160
8398
7126
1356
6574
8323
7987
7822
47
3536
813
7260
265
2038
7132
9258
2899
1731
6701
9214
5072
9350
8571
9072
4464
7751
2195
7523
3064
9505
9348
7023
2414
1911
5974
4388
5212
2841
1893
1245
7905
3138
1505
3258
5818
8463
3020
3492
2482
4449
2756
6754
6630
2862
9300
7358
4939
7828
2879
8070
1227
9178
7895
4910
4109
3385
5418
2562
7530
193
122
8670
7343
5091
105
6173
6948
7957
4486
4721
4500
1048
3082
9925
6704
1923
1882
9365
320
9585
9898
2264
5690
7463
2225
3816
9951
8198
7883
7291
1700
6171
4246
6311
8593
5538
2051
5262
7354
950
8307
3401
6680
6373
5315
650
1085
5086
5641
1431
934
2158
2992
5060
6284
3546
8424
3696
8
4435
4335
7945
7421
1560
9175
9772
8060
358
865
2651
4946
1434
4123
7239
4545
7075
7055
1138
8482
3169
6954
7242
5533
5006
5398
2640
1216
867
6773
4775
2130
8421
7241
7872
8432
8024
5460
3752
9878
1907
1986
2186
2088
7618
675
2768
5631
2137
2582
263
4610
1257
5070
3789
2648
4271
2043
9558
5079
8265
6535
2740
8336
9309
8589
1519
1383
1220
1373
2401
8642
7936
784
1669
1372
672
4550
6412
276
2000
5395
8941
7223
8986
8549
9411
9208
2007
2922
4408
5973
9667
5620
5655
8227
4711
8840
6470
817
6191
4540
7687
3702
8585
1181
1164
3123
3206
1488
3161
4267
5345
955
3872
4207
146
7282
8901
2367
1520
2116
6866
2446
5048
6825
3849
7756
4015
2451
7207
7003
5764
2306
2729
5542
2232
1422
2314
60
9061
9506
8542
3236
7186
2182
7382
199
3726
3839
3458
2332
8908
946
1494
5920
545
5238
3261
4083
614
1314
8717
3402
8452
5839
1367
5453
1140
2045
8075
8636
211
9255
6071
3610
5297
1180
9197
3881
3537
6340
337
8291
4019
4120
4851
1649
2409
8345
3825
156
811
5762
1072
8247
6508
2697
2949
1288
9517
1645
6176
9066
6296
9761
1557
9159
5998
3457
1918
9823
7573
3461
23
2983
8468
3563
4519
9859
4973
8244
4671
6725
5883
9392
4133
8877
9673
4706
5685
8469
2967
4172
8015
2436
5330
9053
7906
1721
2560
5444
183
1458
7572
7705
9021
6926
1021
2782
4106
8202
4144
5855
1720
554
488
4736
5397
6263
9104
5183
9533
4494
3668
7555
5366
6166
1617
7525
8835
247
7597
194
202
6410
8633
2179
4718
7336
4396
871
6751
6641
6241
6268
4205
4539
6275
6289
8310
5152
6846
3992
4095
9904
8878
9093
7611
7381
8723
9253
6190
164
2290
3641
519
674
2291
4960
167
9915
2307
9867
9998
7438
8191
29
9613
3246
7152
8223
3592
8222
6591
8282
7942
6174
6549
2798
516
9685
1508
5862
2784
321
9824
8284
7715
3126
1095
296
727
8783
6355
2548
5697
79
301
5703
277
3015
3421
5261
6774
5700
6253
6758
7407
9062
5116
8718
6693
591
5357
5634
1787
4945
8179
2176
1417
2956
7617
8606
8826
3734
169
487
771
3609
806
1408
1582
3781
2453
5923
9931
346
3567
8866
1199
2895
5601
3490
9277
7956
3264
8913
3147
3167
8436
1780
3892
8394
3928
4118
5932
8437
3801
6167
776
280
5394
8981
9793
6214
4637
5745
2122
8613
8048
5816
6715
2357
8905
8406
8137
7365
4982
6688
2073
5457
331
9797
6610
2796
6292
9872
1477
4210
4847
9303
3063
9444
1222
7817
396
237
2180
414
3916
3901
4277
7268
4114
6794
6502
2521
8541
2238
5153
812
2313
4209
3291
5088
89
6246
9965
2730
7259
2444
8882
1525
8526
2863
2791
5448
1704
8708
1740
1037
768
3038
835
9842
6441
4839
6312
6583
6457
5317
8703
2105
5628
1800
4166
7680
7425
7651
4334
7041
737
8966
116
8790
2138
9400
3640
6664
4723
1973
8417
3626
8690
9187
5796
5944
2497
8782
4577
2894
2800
6643
3199
6094
5554
2096
5226
5059
8306
6586
4660
2532
5612
1533
7420
6030
6681
3623
7866
8004
4993
1821
7276
2347
5843
8627
6865
2079
2139
3804
2141
4926
268
6414
3822
5350
2090
511
5053
4454
6067
4615
7390
4554
9795
8781
7591
7334
6093
6009
1584
1142
1251
8806
9249
9184
6348
839
2722
2188
3499
5934
9530
9340
3216
6806
889
6832
5016
7678
9050
8023
2745
3606
3964
2198
634
1476
9404
179
4900
3362
411
7429
571
9426
9357
9413
1190
6747
3130
5514
9724
1313
1296
8959
6319
8767
2676
5928
6835
2925
608
1430
4586
4384
1605
6396
8498
1592
7228
5216
3217
3189
207
792
2192
5773
6287
5680
7962
266
9986
1607
3505
8903
4758
6097
5917
1662
1812
5592
2760
3148
3288
5075
877
7708
9894
6366
5015
8465
8234
9804
4508
9087
7320
7782
7413
3879
6072
8572
1969
4746
1710
7624
4379
4961
2015
1847
7924
1765
9922
6742
53
914
5845
3686
1451
3377
998
782
5498
6323
952
5074
145
374
4696
312
5687
8907
8515
9316
4129
4570
2891
4428
2576
3204
379
5759
1978
3924
8695
9856
888
10
1160
8538
6669
8486
1035
4538
5737
6149
2282
3711
1299
6982
4057
55
9456
4730
131
4796
8678
394
9719
1059
2286
7909
9481
5613
9912
9313
7713
9911
1031
8000
4105
653
767
7374
9753
2807
9025
7521
5258
3977
8771
4035
4414
9447
6111
3125
9800
3065
1090
7210
7741
307
2380
1285
4053
2952
1839
743
5979
1692
726
4446
4418
9317
6967
8187
9694
568
9544
3432
2789
7402
2342
2973
937
1802
1250
7072
4684
1030
5043
3665
1862
2937
9450
304
6775
3248
3098
3646
7266
6905
6522
9436
4938
3220
9982
3054
3446
8594
4029
1469
1910
2039
7149
4971
5295
8267
6264
1236
8661
9251
3066
7744
565
7788
3094
3577
3244
8918
9953
8595
1709
1339
5518
6816
6640
93
318
8059
8832
3625
8839
1526
416
2033
725
7834
24
8230
2940
6486
6890
9256
1413
4520
9908
3798
8277
286
5025
4957
2932
932
2004
2679
9352
1686
4588
7800
2785
1081
3178
7806
46
77
2710
3099
8375
9576
4458
72
6062
5891
5757
9374
5430
4744
2495
7653
6163
6055
3817
9455
6006
3799
5755
4841
2741
4638
2629
2530
3009
1808
1175
8453
1205
5135
1566
1300
4183
3441
1219
4141
9064
8327
2040
4752
4824
2247
5702
2653
3327
7785
6113
8630
6741
7044
5761
9108
1107
6716
8978
5231
9883
8121
2938
6569
9921
8754
7698
5694
6672
9521
1419
3496
2936
9742
5649
5897
6399
3033
1883
5558
4016
6023
1002
2210
9337
3227
8061
7243
4657
2618
4618
3654
7102
5656
1027
8917
4178
2683
2256
6245
13
6322
3069
5392
1707
3100
385
5192
4072
562
3091
8466
8251
2012
9107
3450
9295
7749
3278
3165
744
9401
5942
8734
8821
6655
8653
7359
7062
5583
6357
8749
8022
7411
3815
8219
8862
7430
6320
7234
754
6936
2028
8311
5232
6563
1625
2447
3151
1079
7249
5587
3415
134
2803
8474
9550
2330
2716
599
3678
2960
525
1266
8341
3612
3750
2555
5189
829
76
3296
751
1068
2458
2896
3636
6492
2242
6913
1613
6069
1757
5206
3062
2309
6808
2943
2262
2924
2707
7818
5901
567
9274
840
6706
8280
7362
5929
8812
2845
3073
4317
6478
1828
3460
3528
8276
9796
1521
5051
5873
4064
8425
5142
2583
5484
9403
6577
5341
3376
4474
9828
3109
3851
6571
5383
4475
5095
4593
9239
4313
7836
3765
3250
3345
8246
5042
2169
8713
7220
8519
4413
5540
4049
4331
3400
1071
8509
9622
16
2622
2860
2590
73
6029
5368
9140
1832
3689
4929
2354
1921
2404
7316
2226
5927
4102
4006
6162
5346
2709
6369
4082
7085
7845
2333
1542
5874
5233
2407
7434
6213
3633
4305
8540
7639
3145
6660
1834
9653
9044
264
6057
913
5657
7494
3188
9882
8196
2375
7341
3096
6503
9203
963
6955
7727
7187
553
2668
6728
335
1941
3555
218
3134
4227
564
9696
8387
7900
7607
868
893
1864
7278
6899
8141
3269
1896
5493
7777
5930
6316
9950
2504
7596
2426
3212
1319
2168
2408
7084
833
9614
3687
3544
254
6258
465
801
4476
144
2535
7155
1916
582
9133
8370
590
1947
2584
54
2220
5308
8379
956
628
2773
9351
7256
391
6170
4635
5018
7416
4023
3778
680
1885
5469
939
2701
5254
4833
9333
4999
9191
463
606
9713
1243
4321
1577
9895
1112
3790
176
5149
4786
7937
9046
2737
7959
3791
7197
8796
6698
63
5325
4208
3353
2750
327
6880
3587
1651
7893
6429
8609
6831
2811
3690
8364
1396
643
788
8118
7424
7683
1209
4648
7093
7081
6089
4762
3796
2484
3307
1920
5890
4402
6037
6049
6419
5577
5717
5718
1414
1331
3620
8663
5766
3021
5283
8045
1156
9525
7640
9282
4995
7188
2754
2839
8599
8243
2987
2183
9843
366
1277
9681
668
9942
5510
7583
7711
4580
6772
7933
2450
1713
7897
9919
3270
2693
4319
2581
9180
9618
4327
1609
6346
4928
1616
4018
6427
3876
340
1189
631
887
9675
3378
800
1528
8480
448
3852
615
8818
4712
8079
9380
8087
6365
8213
130
2772
9592
393
2595
2044
2685
681
6674
9587
2197
7113
2266
9783
8493
9341
9875
7080
4033
9148
7584
3669
3180
5709
6797
1143
4300
9448
6181
4555
4788
8810
8791
3279
707
3808
7637
1231
8856
5837
2322
8539
8516
5319
3597
2058
6119
1747
3940
9545
4885
6937
3860
3724
9556
7035
3590
9125
7050
3127
4702
4225
9518
6360
4341
7345
506
1758
5520
6697
1407
1003
1825
2379
9212
8728
6165
5910
2145
3193
8299
5637
8025
6498
4352
9647
8850
3910
6309
1831
2100
7616
6066
314
8209
7213
714
686
7054
3841
9807
9522
4949
5771
6310
2734
5988
7851
9399
4899
2664
5808
418
1029
7988
4996
1636
1023
5819
4666
7710
5393
1699
7722
4381
4243
6738
713
3263
2699
5003
5100
9220
6442
6990
2655
8938
2890
1936
1865
3210
5320
421
7534
6602
1353
7025
8269
1249
7588
8100
576
9439
1842
5989
7232
9971
1998
1664
3028
6729
7869
5248
2880
6991
4391
2455
7107
9476
5977
8899
2673
5285
4349
891
6892
8381
9250
4860
8800
6426
6600
9467
2365
3578
1769
9574
8308
2867
3985
3583
4470
2046
1801
5458
6286
8988
903
7273
583
3179
56
9871
3311
4460
689
4059
4038
4601
1579
9907
4199
563
9610
5412
6073
4915
8605
30
5535
4010
3367
7307
1777
1759
210
7696
7131
3268
9129
3374
3144
2627
5443
6379
2725
4646
526
8402
5681
1424
9055
7507
8775
7043
4789
5966
215
1781
2589
2828
9957
6460
4299
5775
124
4627
495
1196
7953
3559
2991
6963
5782
6528
2764
551
584
2820
8838
3975
9606
8418
9562
8472
92
5880
4324
9219
9963
5556
4024
4972
5073
1836
9043
9131
4214
3861
949
4181
8677
4421
7405
7730
760
5712
4700
9704
9710
6265
2008
3603
6843
4149
9985
8030
611
7459
5707
1806
3704
578
7348
9818
4007
9430
8704
8328
3372
3135
4650
1294
3729
5678
4262
297
9206
8389
6989
9864
9056
916
4894
6008
2494
3957
8836
2473
4803
9118
3427
8091
6334
572
3293
7921
9644
8367
4778
3684
845
1735
2077
3164
9651
7999
8152
5722
7477
7303
5952
5382
3921
8049
6196
1409
6343
935
975
5340
2920
8644
78
4931
6761
6973
3312
3516
7750
8188
6658
6453
6342
4808
1063
7026
7671
3644
6458
9785
3562
5720
9841
1551
816
1785
5563
2132
922
6202
6325
3026
678
5292
622
5198
4678
1260
8471
2480
4652
5331
2861
3793
1389
3969
4026
5155
1088
9268
9852
3959
8330
8274
1843
259
2194
166
6240
8972
3783
846
3048
557
2364
7458
3888
7361
2609
6603
8157
8318
4204
1725
7975
9190
5126
6766
4976
3004
575
2020
8721
5522
8490
4662
3406
3053
1727
462
7939
1492
5300
8331
3855
4295
8033
4422
9660
1511
3257
3913
1811
1980
8413
2854
1549
7006
6532
4565
9535
1711
6546
8317
5823
7577
3498
251
1465
5089
4356
1845
3877
5435
3760
34
899
4680
5032
749
4667
861
1280
4770
3363
4153
504
6891
912
302
936
7661
701
3455
1705
5127
676
8816
4236
7158
2055
6216
6564
8321
492
3174
1115
2636
5384
9071
4196
3395
2945
6192
738
6756
3779
6235
1152
8131
6261
6140
1459
2083
8063
4443
3725
3373
295
5671
2390
1652
8887
7803
7589
3593
8527
8842
7771
4742
9993
370
2599
6105
6823
4387
7974
4171
4525
6378
8977
6481
3409
7663
883
5665
607
6668
7196
1746
2939
6387
8011
7691
1416
5154
7468
7487
7670
8272
6748
7069
7109
2460
7151
4045
110
2509
558
6115
6262
2969
5429
1093
8313
6416
386
4043
7967
2652
8021
752
9577
3933
6824
9431
3987
3990
1229
3732
3923
6227
1336
9085
1201
8171
9369
398
4714
8953
4228
8676
1569
482
8919
159
7762
1224
9135
9165
5114
5125
991
7371
2133
5546
815
9762
4201
7614
4104
1898
2062
2985
7964
3173
1548
7796
7704
8792
2837
8894
1914
6014
2975
850
1881
1861
3380
5197
9975
5960
6628
5711
8852
1455
6048
6017
8428
6649
2271
9228
5912
3177
5924
4672
2541
9445
2095
7092
2549
3594
1304
217
652
6424
127
8037
8632
2477
5743
2779
2918
7998
4373
2279
8481
7985
9949
9999
2199
4533
2383
6863
7877
2172
9508
6983
490
5480
1338
3550
7139
3105
9643
4513
5957
4004
555
9989
31
1382
1368
4965
884
3133
2255
5841
9262
8532
1208
227
7738
2363
148
7740
2558
8150
2224
8867
4107
1153
438
1716
8106
9778
1650
6021
5516
9994
3739
6815
8062
5907
1724
5492
7947
3343
6551
7843
8445
5178
5689
4217
537
6147
7146
7873
4795
4629
3780
3664
5130
1460
8390
2152
9547
1933
300
556
6960
1792
7761
6133
8611
6562
1837
3834
8543
4397
2170
3411
1130
5296
1753
6092
8475
5565
7470
8974
267
1833
5654
5266
1990
9767
602
3887
5001
3514
9179
442
1501
3757
5242
6623
7619
7868
4954
4265
9347
1158
3186
5445
3208
5335
8534
6956
349
5437
5715
242
684
917
7144
178
2359
9343
8014
4162
8815
3235
5633
2633
8499
5217
4468
3477
6781
9464
7505
1054
6231
7860
437
1498
7353
8930
4314
3811
8127
9320
3418
2533
5486
9981
489
968
4813
376
1412
6354
8016
4482
4534
3548
2550
3002
3581
5024
5810
9007
5976
6422
9069
2244
8210
9259
3866
3001
6527
5913
9672
733
976
7982
4717
5794
1760
1996
5246
1871
874
4306
6767
7541
6195
8156
2674
6064
3497
9680
7288
8861
6183
1744
7601
7450
3960
350
7073
1116
4734
4628
7581
9711
6635
8264
4340
9736
8009
6763
8052
4825
8051
765
5832
1543
6106
4089
3539
5364
1876
2726
4125
1546
5728
6255
1867
2769
8072
609
2072
8608
6423
5791
9773
8853
3674
972
3440
4631
3016
3491
1671
262
9899
3031
2568
184
3085
6541
7644
7515
7630
9920
3763
6958
8751
4224
6041
2911
2068
8667
4137
5307
4866
8221
9749
9605
1308
8758
3023
4400
3607
212
8673
5433
6331
4290
1279
1292
2502
8032
9826
4656
3580
3308
6727
3274
6764
8870
6510
7086
5205
2303
1398
7311
8863
5863
7013
7528
4904
6514
5012
8464
4009
8843
6278
2471
7578
7994
9791
9054
4569
1065
8326
5107
6838
2545
8693
5990
8409
9707
6039
6351
9142
8551
3262
6210
4611
4991
33
8147
9747
1626
1535
6132
7067
1399
3742
9946
4231
3784
8289
548
2135
1228
8239
8970
9218
1104
8034
7938
5871
2257
8615
6363
8029
9891
2296
7885
6187
9560
2886
471
4551
107
1028
43
9480
3688
5380
7692
8426
6040
2571
979
7342
355
5409
5186
3570
6924
3419
4709
2666
9548
7657
644
2403
4383
1604
5503
2113
3647
3211
5477
6285
2410
3774
2711
4558
3422
3965
5050
2927
2989
1271
2338
772
9438
186
6817
5893
121
6833
4405
5402
4771
7532
6112
3586
4805
2913
1887
1410
3878
1726
7474
4298
4794
3937
6638
8909
403
3701
4553
6220
3554
3090
2173
1302
698
1122
5141
8356
8874
8841
1432
2868
113
5539
7333
7120
5691
275
4301
830
305
3549
5375
4226
522
6450
1286
5166
827
8335
499
4338
5478
4371
1151
2567
7793
2496
6004
694
2485
6364
3759
7558
848
5502
196
1084
4382
3321
5904
5230
4510
5958
1739
2759
3540
5063
5701
5491
9902
4275
6952
4090
2941
1454
2705
804
1178
2310
5028
8135
5983
1515
2372
9114
1014
9580
2448
5008
6945
189
3534
4843
2864
5462
1275
6947
5919
8099
4070
3338
2749
2778
8622
7632
911
1855
4345
1581
6730
7330
1830
919
3982
6679
1743
9527
9717
7198
7963
9502
154
1427
4754
390
7240
3682
6
7367
8885
2563
7159
3740
627
3978
6428
8880
1922
3520
5805
20
7039
4323
2131
7005
8489
6857
6313
8279
1334
7508
6634
5779
7969
1139
1485
2516
7844
6798
8342
6475
756
5455
524
4452
8258
3224
9945
5822
6332
2515
6052
9223
6531
7446
5253
3277
9225
2557
5303
1283
6979
7498
4747
323
6613
1989
3785
2003
1103
5550
4386
3818
2002
3884
5058
9376
457
2810
4063
9410
9335
4278
981
5061
7021
2616
6063
338
9003
7015
9144
1732
9546
4008
2381
4047
2804
1899
8761
3951
2672
1575
1167
4998
3474
1008
4581
9215
8709
5675
9428
6114
2498
7389
8005
2592
926
2076
405
1307
4887
5241
8460
4592
1680
4378
3035
3297
4250
4394
6517
9041
7047
8705
1258
4952
9709
3359
3999
3864
4750
4462
5579
8161
4681
6986
5792
3129
7690
6576
8281
9017
9714
536
7227
5616
7914
3157
1618
2001
9067
1580
6883
621
348
4501
173
1761
8789
9134
6027
1193
7378
5362
7097
4174
1932
1510
586
3622
983
1475
1679
1822
9834
6433
3867
3102
8384
9270
8149
3831
4203
9656
41
4363
5624
3542
7824
3847
2647
613
1674
2248
6780
1703
2561
3493
7916
9751
4036
9731
4165
6151
834
5878
9897
7439
6659
1779
3060
5570
1056
2905
9488
7145
3697
9312
6091
6050
9097
205
8937
6792
9766
4871
1022
6882
8064
2147
4606
4774
5004
528
7752
6782
9873
4058
4152
3589
3823
4913
7237
4541
5052
3095
7495
5274
4600
3346
7386
5684
9934
544
9586
9827
2947
85
5193
1698
3875
8565
7548
9314
7826
198
2519
543
7840
9370
3351
2439
5617
2217
9802
5772
3245
5706
4037
5713
8924
191
5828
4240
6455
1345
5278
2305
4068
4822
2489
3905
5404
7864
4873
412
7760
6711
3565
3256
1078
3882
291
3566
5427
8218
14
3805
3507
7190
6418
5850
7104
2988
814
2203
3299
8368
659
7143
696
3658
3777
7230
3483
1647
9636
4459
4911
4983
389
4827
3902
8580
882
9286
4836
520
8130
3744
9892
1445
1603
9967
4392
1642
1945
5667
4881
126
4970
4274
9193
1589
8454
1087
7476
4087
6734
4810
1
4455
2639
9417
3231
1742
5768
9200
6540
4663
2358
902
9958
540
2875
3042
2753
2289
2935
5
8851
662
5548
5679
2657
5501
5614
1593
44
3914
9243
2189
3803
2790
2479
4889
6554
6479
1946
1722
4473
238
8830
9011
7574
9620
5559
3656
2150
4799
6204
4732
7559