541
389
836
809
702
189
327
223
176
926
212
922
24
644
68
313
204
362
798
808
371
249
402
184
467
396
80
28
669
671
939
403
490
729
562
899
823
1
860
412
245
593
257
896
934
322
746
691
351
919
283
912
531
76
43
502
624
349
471
683
437
49
567
670
929
661
954
566
244
917
835
333
73
110
621
938
90
12
428
138
96
169
885
589
651
30
816
200
692
869
255
905
210
367
767
214
940
198
60
268
342
430
967
103
766
916
795
143
744
188
205
81
791
804
851
319
57
735
98
211
48
894
113
847
825
733
357
274
941
794
353
768
596
762
363
638
927
678
610
487
786
792
394
277
151
879
50
380
721
39
40
653
623
590
976
58
659
989
514
876
725
154
508
288
994
106
832
15
267
298
599
369
228
730
486
498
658
578
565
684
914
78
724
978
199
336
900
629
356
153
149
448
473
602
375
87
609
907
538
88
936
13
137
337
821
601
62
31
101
619
530
634
414
265
722
935
116
542
995
584
291
988
305
159
771
225
688
243
997
890
74
207
517
805
799
807
850
549
156
160
405
302
443
999
293
560
447
576
843
575
446
788
464
527
650
696
395
171
977
893
711
444
526
442
770
887
637
933
585
813
196
728
460
215
64
111
393
966
740
346
872
830
54
617
120
563
426
901
93
859
136
784
854
150
63
783
625
112
497
294
776
492
548
1000
968
494
868
586
307
379
627
918
948
84
286
254
335
597
760
191
757
931
457
373
455
655
694
616
109
761
947
166
592
570
165
979
303
598
496
418
662
648
814
139
908
185
329
748
404
686
19
743
235
685
126
175
785
164
980
587
529
238
827
44
121
930
834
750
488
135
8
147
862
812
197
366
633
763
124
233
383
202
270
554
128
491
122
483
222
37
285
647
92
315
839
378
500
773
695
424
990
239
481
803
328
253
550
177
127
874
86
551
838
399
18
511
66
985
458
810
170
820
902
70
883
522
505
603
3
95
408
546
450
449
187
374
16
652
45
765
20
817
707
913
167
133
959
984
806
252
14
544
656
256
895
715
56
474
439
888
510
561
789
23
778
377
716
680
837
632
855
516
572
720
956
630
390
484
392
881
889
115
429
800
811
489
547
271
26
848
524
296
22
924
453
886
107
411
186
675
986
5
69
668
258
915
332
148
818
384
506
600
921
717
981
521
129
504
71
582
556
882
125
793
340
903
987
604
33
642
906
553
192
163
275
709
463
213
515
47
145
679
292
434
754
920
157
459
660
777
705
470
996
605
360
880
993
742
97
465
355
537
512
643
779
441
710
231
51
774
654
787
852
520
636
400
867
961
571
649
640
734
581
266
701
83
347
607
866
226
100
59
666
273
951
53
532
964
608
944
628
456
241
304
61
401
975
312
700
945
218
960
314
345
877
372
94
209
501
155
595
620
739
861
221
577
690
376
755
871
358
193
142
797
130
545
317
34
325
466
416
359
260
667
781
316
42
436
840
368
849
518
123
973
284
67
91
140
413
731
341
796
451
674
118
663
247
594
802
962
540
574
431
580
708
311
269
892
272
949
982
323
615
141
350
183
539
519
703
162
969
932
495
747
134
558
234
330
419
704
853
299
564
952
764
361
250
958
723
25
178
579
420
41
943
698
641
433
370
425
387
569
32
452
280
955
297
780
613
454
21
583
224
318
719
772
468
251
144
415
523
480
736
365
493
718
105
259
992
229
864
248
344
826
833
635
417
161
482
117
85
440
407
279
552
475
7
381
478
77
970
181
398
174
391
6
942
842
82
462
10
432
897
261
131
168
72
828
232
320
991
752
388
646
706
217
965
324
801
611
278
606
410
4
870
435
693
568
726
364
758
295
846
485
714
699
343
331
753
829
11
427
863
974
677
172
957
461
352
158
712
194
46
543
262
697
858
865
509
195
612
102
639
878
937
479
911
152
910
173
9
385
240
618
445
923
422
573
119
219
769
928
756
741
306
264
745
557
386
909
114
533
348
301
263
321
657
52
588
308
36
875
559
953
822
775
55
737
891
534
782
230
925
998
884
591
681
65
334
476
673
216
182
856
290
672
310
35
220
17
622
104
845
469
819
108
513
180
665
246
687
983
421
873
236
535
203
831
841
749
338
208
963
614
950
738
631
626
397
99
536
339
689
682
898
815
857
664
282
438
276
472
645
146
29
751
382
423
206
179
972
732
89
201
499
242
326
287
281
2
477
132
971
227
844
759
79
555
507
824
676
309
409
27
503
525
406
289
300
946
713
237
528
190
75
790
904
727
38
354